Mean Noise Amplitude <length scales>
-----------ALL SAMPLES-------------
99.926910634 0.001 2739.87262376 0.354958695885 0.520000752019 
128.929796572 0.001 2755.20622787 0.369050122123 0.618116410136 
125.203386624 0.001 2756.24115078 0.391955963539 0.672802910126 
125.383249134 0.001 2756.89037727 0.304260798777 0.686286689318 
111.061307065 0.001 2751.54706556 0.363268030913 0.832314896833 
154.630294228 0.001 2769.70408211 0.288714659187 0.77156288097 
128.23068814 0.001 2776.66967458 0.305695561781 0.641412256649 
76.3134893148 0.001 2761.66490359 0.347453140165 0.617005523978 
103.083976703 0.001 2566.44002071 0.356977245933 0.644331924757 
105.238855149 0.001 2562.04483647 0.343013361304 0.638217133702 
-----------MEAN OF SAMPLES-------------
115.800195356 0.001 2719.62809627 0.342534757961 0.664205137849 
